-710
1405
4261
-4446
3885
-5157
2244
-4592
4040
6596
3478
-3597
-222
-236
-6163
894
1383
-220
6374
-4191
928
430
-1551
3688
4021
3495
-3378
3484
3664
2679
-7428
-399
-5628
1319
-768
-1668
-102
-257
-652
-1770
3923
-3780
5970
-730
-160
128
449
6242
2219
2722
-5138
-13439
1945
-2024
-2833
-3028
3753
4482
-1729
-139
-1908
-78
5079
5537
2409
1367
-675
1001
-531
3578
2995
1947
-9475
4455
-7140
1106
163
2192
1438
7938
-6095
2365
1
-3131
4836
-6355
3647
8520
2014
-3176
3018
-2170
5124
3947
-6680
-3621
6450
-1553
-1933
-2616
2322
839
450
-4884
-8009
-6524
-3200
-1292
-1412
2054
-1158
-70
3333
2123
-6962
-4642
-873
6280
5325
-7019
940
-5376
3431
5381
-2387
-2875
2415
7146
