-131
97
197
-78
-23
-26
-64
15
98
-37
99
214
-8
-181
259
-486
-73
63
58
116
168
-163
-298
81
28
0
-2
79
129
8
-60
-95
-18
163
184
118
121
2
-104
-258
-56
288
-37
2
-10
52
232
131
-334
-208
-127
-18
87
-125
-219
45
363
131
-128
27
228
80
-110
10
2
-218
-166
-77
48
240
87
-165
-67
72
100
55
2
57
-181
83
148
209
-54
-24
-196
53
-125
88
-210
195
-135
166
-60
55
30
0
27
7
32
-63
-185
85
-109
-32
-120
11
106
24
227
17
-106
-127
56
-149
57
112
80
49
225
-156
1
-103
135
214
-255
92
-62
123
13
-112
-147
211
-11
-114
-52
129
-71
59
2
9
139
162
179
24
147
-162
142
-205
-49
-359
45
19
-146
-110
-75
165
184
166
-201
5
157
-146
-118
-171
130
89
-14
65
104
-117
60
-30
34
144
-78
-44
75
20
28
-110
-50
5
-49
-63
186
229
58
56
-36
-279
-16
-27
-238
-218
236
52
37
92
-177
292
120
65
-123
71
-87
161
-286
37
26
4
83
159
294
-164
64
-31
-76
-97
-91
-41
-69
-30
202
210
-335
37
-35
128
-101
56
-115
117
32
-60
34
171
-53
-97
-40
64
-12
33
40
-316
-95
225
-60
113
-34
205
23
186
-55
-120
-45
21
-71
-209
37
245
-168
332
18
-28
-285
363
212
53
-243
-176
157
49
-63
-87
181
94
-128
-54
-25
-86
-50
-27
26
113
-78
-117
-75
19
88
120
-49
114
-105
31
62
27
-118
92
-46
33
208
39
90
195
-313
-334
267
109
-125
-74
100
244
-177
-200
-40
-65
37
23
44
46
-174
150
16
110
-3
227
190
-488
-78
180
9
-72
137
-122
-72
-19
-51
165
-27
78
111
125
171
36
-25
-242
-49
107
-131
-35
154
166
142
-84
106
-195
73
21
-372
37
86
-148
-54
102
-186
57
-124
-106
241
176
-178
3
298
127
163
-257
-19
25
-74
-23
44
71
71
-191
97
78
-87
-16
1
-9
110
-42
161
-1
-17
5
-306
-56
258
-85
-185
49
30
26
-56
-155
11
272
176
-81
-57
121
45
52
-18
-177
27
70
48
-38
0
151
-117
52
184
-70
-56
-154
25
-12
46
15
-7
49
-20
138
-74
-117
-32
2
-38
308
-83
204
-16
117
-91
49
-396
16
175
7
9
-158
64
-313
291
127
-11
-107
-100
70
151
-119
192
22
-218
-16
112
-54
154
190
-64
-145
6
19
125
-17
-115
-97
145
16
-165
-64
78
-58
-160
129
31
111
-75
-70
-5
-88
-168
211
61
-77
129
142
416
-168
130
-18
-3
-17
-116
-160
1
-47
59
202
-162
-132
152
176
-81
-69
-141
58
-118
-278
-93
244
23
-235
102
-27
287
133
108
-129
-90
-57
-26
46
-27
29
60
140
126
69
-120
18
-67
285
-14
-1
0
-214
-45
11
124
159
-176
181
152
-67
-88
-177
-119
-54
311
-8
-12
-115
105
-178
-97
218
-306
-223
-13
26
-68
240
-62
168
290
-25
-71
-78
118
-69
79
90
-129
-22
39
94
-69
112
-102
-4
-83
64
-2
97
-74
152
-20
-57
100
196
102
-16
-121
142
-296
18
-195
27
106
249
-32
-124
13
-67
-57
79
23
-144
127
-52
46
90
-235
-72
-68
322
-2
116
-94
94
-180
216
82
-31
17
-198
-110
45
-31
54
134
-224
31
3
-30
170
-117
-14
2
-173
-48
350
174
145
-159
-129
-120
-62
-128
-71
58
145
79
-309
219
211
194
59
8
53
249
-167
8
-613
7
262
453
-6
634
-225
-102
-223
-199
-110
-167
2
-223
-106
179
-53
129
95
111
63
-289
166
126
-337
-141
321
43
7
109
217
122
-151
99
-96
-24
111
30
-89
80
66
-208
82
-44
166
17
-222
53
-63
-100
-1
392
-151
-67
164
100
128
123
174
-125
-23
-203
-184
-203
-209
220
305
-17
-164
24
-155
145
35
-245
-1234
248
310
-18
187
76
379
355
191
-127
170
-10
93
-40
-18
-122
77
-10
26
-306
218
101
-88
116
-62
188
-23
112
-239
-56
86
68
4
127
-39
-127
41
-74
9
-123
132
-218
-43
135
-52
18
252
-64
1
28
15
-42
-298
-19
8
212
126
276
-281
39
-84
-181
231
128
83
52
98
-156
-177
-31
-54
-37
145
75
-232
230
-49
-93
61
-77
-110
-196
277
94
14
17
-52
184
-123
268
81
-315
-22
125
1
-156
194
150
-269
-4
63
-57
39
-104
38
-164
-120
-117
436
228
98
-246
-56
146
-197
62
173
-86
-51
-56
42
-208
50
52
-67
335
-108
27
-20
104
18
33
-28
174
-89
69
-22
-205
-57
-139
209
28
-29
101
113
-26
-280
90
-68
-31
96
21
87
-116
-19
27
-47
-73
87
-109
110
-65
-140
-157
151
-3
181
77
-14
-106
113
15
-292
-19
-134
164
180
141
7
129
-135
161
-48
-30
-45
-301
185
16
100
289
-182
199
-112
-91
229
-322
-242
133
58
325
-63
-164
-183
-38
250
163
-153
-8
-62
96
-26
156
-176
-68
228
59
-101
-128
5
58
71
-124
3
218
-46
267
-246
3
-99
52
-207
160
-40
58
7
-200
247
37
-73
159
-44
-85
-389
251
127
17
-385
275
73
-262
112
321
33
70
195
-290
-14
40
-127
-22
46
-29
12
22
-2
-71
31
54
-10
143
74
-78
-132
-80
-233
59
140
-43
207
-39
-129
141
45
22
90
-102
27
6
-53
167
-94
-389
-58
-363
172
511
-25
168
68
197
-90
-125
-46
-84
92
367
-56
-258
1
-129
-93
64
-63
164
70
-107
74
82
-8
-159
-121
109
102
-113
-30
131
100
97
-109
-81
141
-124
84
275
-70
-139
14
60
-121
-65
-14
-20
68
144
162
-107
183
-59
-232
-313
-45
217
34
102
290
-207
55
3
-63
112
-151
-112
-35
-214
-199
456
167
173
-117
172
116
7
192
-175
-338
-123
80
82
56
117
-73
41
55
-344
18
-160
38
213
151
20
100
-71
-71
162
-19
-93
-45
28
-23
-46
25
153
348
-126
66
71
11
-337
-145
189
44
23
-140
301
-169
98
34
-106
-247
-66
15
-39
165
83
-108
-91
127
-287
233
-48
-10
-189
76
97
93
28
74
-73
3
173
204
-151
132
-42
-65
-143
92
-147
-53
194
138
-206
16
-115
-111
231
-154
5
55
180
-124
103
-234
-298
-78
103
157
118
118
245
508
181
300
-481
240
329
-83
-477
69
220
-191
18
-98
637
-122
-337
-225
-219
291
-44
-327
-148
970
188
-270
-16
-190
-134
29
90
45
-280
157
-6
-49
-47
-251
297
72
-98
91
-192
-203
157
161
71
204
-133
5
-63
-52
292
-62
-76
316
77
-211
-186
11
